7 4453
158
1400 2218 99 2088 4191 84 843 99 4191 3780 764 4191 2979 2269 99 764 2218 2269 2088 843 3015 99 2970 1443 1655 99 3237 2979 99 447 1443 3237 1032 2382 871 843 1655 99 871 1443 99 4242 843 99 4191 2269 99 843 4191 2269 2979 99 871 1443 99 2382 2269 843 99 4191 2269 99 3237 2979 99 871 843 3780 843 1032 2088 1443 2962 843 2916 99 3237 2979 99 764 2218 2269 2088 99 2088 4191 2269 99 447 1443 3237 843 99 871 1655 2382 843 99 4242 843 447 4191 2382 2269 843 99 2218 99 447 4191 2962 99 2962 1443 99 3780 1443 2962 1294 843 1655 99 2970 2218 1294 2382 1655 843 99 1443 2382 871 99 2088 1443 764 99 871 1443 99 2382 2269 843 99 3237 2979 99 871 843 3780 843 1032 2088 1443 2962 843 2916 1400

23 55
13
34 13 17 14 10 34 22 53 11 23 52 49 53

5 55
13
34 32 43 34 10 34 33 12 11 12 43 34 12

2397 5353
58
2552 998 4327 4012 1967 4394 4327 4986 3743 3667 4012 3646 3646 4012 3646 4327 3558 3743 4012 4012 4986 4012 4327 4986 4394 3667 1967 998 2731 3743 4394 4327 3177 3667 2942 3490 4327 4394 3743 4012 4327 332 1967 2731 4327 1050 3743 4012 178 4327 998 2997 3490 4327 4986 1967 3646 2552